//This is the correlation of the observables
//Reference 1302.3415 E.3

1.000,0.145,0.065,0.104,0.105,0.076,0.104,0.130
0.145,1.000,0.093,0.148,0.149,0.108,0.148,0.186
0.065,0.093,1.000,0.066,0.067,0.048,0.066,0.083
0.104,0.148,0.066,1.000,0.107,0.077,0.106,0.133
0.105,0.149,0.067,0.107,1.000,0.078,0.106,0.134
0.076,0.108,0.048,0.077,0.078,1.000,0.077,0.097
0.104,0.148,0.066,0.106,0.106,0.077,1.000,0.132
0.130,0.186,0.083,0.133,0.134,0.097,0.132,1.000